rightChannelBlinkingEvents
original intensity: 500
effective intensities of blinking events:
[ 113 138 132 118 130 135 108 122 129 130 ]
original intensity: 512
effective intensities of blinking events:
[ 125 131 131 140 122 130 124 107 112 115 115 ]
original intensity: 542
effective intensities of blinking events:
[ 143 138 133 131 123 139 138 138 138 132 121 130 149 153 135 132 133 133 134 137 127 134 137 109 132 134 130 116 111 138 158 130 145 141 142 141 121 140 137 125 132 128 117 142 132 131 105 123 123 135 137 125 121 128 133 142 126 119 141 132 135 136 128 148 121 143 125 165 147 138 133 131 139 126 112 143 147 122 145 126 127 141 123 130 129 140 110 130 139 141 127 134 137 132 134 122 134 138 120 135 136 126 133 163 152 124 124 127 142 133 125 139 124 131 133 125 134 126 120 137 140 135 129 121 155 118 117 140 118 121 133 134 149 130 135 138 138 122 130 140 129 142 135 127 120 134 125 144 134 152 137 143 140 121 136 124 131 125 120 131 122 131 144 120 116 140 129 140 116 108 111 128 141 135 149 140 136 136 135 139 119 124 134 135 133 130 136 134 132 130 125 132 138 135 146 143 142 141 133 146 132 137 131 106 126 143 133 136 151 122 142 133 121 146 122 127 142 117 130 152 119 148 116 143 153 124 129 143 127 119 130 128 130 163 130 127 146 129 130 127 145 153 136 149 137 132 145 127 124 119 134 142 131 149 133 137 129 122 135 124 126 122 130 132 140 126 136 138 133 130 133 132 155 145 120 137 133 129 138 128 128 121 152 142 127 129 138 131 129 133 138 157 143 136 141 140 142 139 134 139 144 141 129 135 108 125 134 111 131 140 138 135 125 138 140 145 118 141 136 137 128 130 132 112 144 136 124 124 129 132 134 118 134 134 157 137 133 130 127 130 139 128 120 144 137 121 137 122 139 125 141 126 138 119 126 172 133 130 139 123 131 143 122 159 129 138 137 167 131 123 128 137 125 134 139 140 120 138 125 151 136 131 136 139 130 118 136 140 114 123 126 129 118 132 133 127 146 123 140 125 128 133 132 119 121 129 137 131 133 138 120 142 148 154 135 142 139 128 122 156 124 156 140 143 134 141 133 128 138 124 118 145 117 123 138 134 130 148 121 139 129 131 151 130 111 135 129 124 131 145 121 129 127 141 103 137 156 124 146 127 137 114 151 136 118 143 150 114 140 134 139 142 136 130 143 146 148 139 131 140 158 127 132 119 138 126 130 149 123 152 143 145 117 120 126 129 133 127 135 136 139 137 129 133 133 134 151 147 130 139 145 128 133 124 153 146 132 135 133 143 130 127 133 132 122 128 134 131 124 140 124 130 136 130 128 130 119 127 145 127 128 124 142 118 136 135 136 137 135 123 140 132 126 151 136 134 115 121 130 109 144 125 129 126 122 114 132 147 132 158 130 131 135 118 142 136 123 125 120 128 154 123 136 129 141 152 138 146 123 138 146 139 148 121 122 132 138 144 124 141 129 135 137 121 124 140 138 142 104 ]
original intensity: 544
effective intensities of blinking events:
[ 135 138 128 143 145 131 138 125 129 127 134 131 135 130 130 136 149 140 141 124 ]
