leftChannelBlinkingEvents
original intensity: 500
effective intensities of blinking events:
[ 387 362 368 382 370 365 392 378 371 370 ]
original intensity: 512
effective intensities of blinking events:
[ 387 381 381 372 390 382 388 405 400 397 397 ]
original intensity: 542
effective intensities of blinking events:
[ 399 404 409 411 419 403 404 404 404 410 421 412 393 389 407 410 409 409 408 405 415 408 405 433 410 408 412 426 431 404 384 412 397 401 400 401 421 402 405 417 410 414 425 400 410 411 437 419 419 407 405 417 421 414 409 400 416 423 401 410 407 406 414 394 421 399 417 377 395 404 409 411 403 416 430 399 395 420 397 416 415 401 419 412 413 402 432 412 403 401 415 408 405 410 408 420 408 404 422 407 406 416 409 379 390 418 418 415 400 409 417 403 418 411 409 417 408 416 422 405 402 407 413 421 387 424 425 402 424 421 409 408 393 412 407 404 404 420 412 402 413 400 407 415 422 408 417 398 408 390 405 399 402 421 406 418 411 417 422 411 420 411 398 422 426 402 413 402 426 434 431 414 401 407 393 402 406 406 407 403 423 418 408 407 409 412 406 408 410 412 417 410 404 407 396 399 400 401 409 396 410 405 411 436 416 399 409 406 391 420 400 409 421 396 420 415 400 425 412 390 423 394 426 399 389 418 413 399 415 423 412 414 412 379 412 415 396 413 412 415 397 389 406 393 405 410 397 415 418 423 408 400 411 393 409 405 413 420 407 418 416 420 412 410 402 416 406 404 409 412 409 410 387 397 422 405 409 413 404 414 414 421 390 400 415 413 404 411 413 409 404 385 399 406 401 402 400 403 408 403 398 401 413 407 434 417 408 431 411 402 404 407 417 404 402 397 424 401 406 405 414 412 410 430 398 406 418 418 413 410 408 424 408 408 385 405 409 412 415 412 403 414 422 398 405 421 405 420 403 417 401 416 404 423 416 370 409 412 403 419 411 399 420 383 413 404 405 375 411 419 414 405 417 408 403 402 422 404 417 391 406 411 406 403 412 424 406 402 428 419 416 413 424 410 409 415 396 419 402 417 414 409 410 423 421 413 405 411 409 404 422 400 394 388 407 400 403 414 420 386 418 386 402 399 408 401 409 414 404 418 424 397 425 419 404 408 412 394 421 403 413 411 391 412 431 407 413 418 411 397 421 413 415 401 439 405 386 418 396 415 405 428 391 406 424 399 392 428 402 408 403 400 406 412 399 396 394 403 411 402 384 415 410 423 404 416 412 393 419 390 399 397 425 422 416 413 409 415 407 406 403 405 413 409 409 408 391 395 412 403 397 414 409 418 389 396 410 407 409 399 412 415 409 410 420 414 408 411 418 402 418 412 406 412 414 412 423 415 397 415 414 418 400 424 406 407 406 405 407 419 402 410 416 391 406 408 427 421 412 433 398 417 413 416 420 428 410 395 410 384 412 411 407 424 400 406 419 417 422 414 388 419 406 413 401 390 404 396 419 404 396 403 394 421 420 410 404 398 418 401 413 407 405 421 418 402 404 400 438 ]
original intensity: 544
effective intensities of blinking events:
[ 409 406 416 401 399 413 406 419 415 417 410 413 409 414 414 408 395 404 403 420 ]
